000 000 000 000
001 159 159 159
002 155 155 155
003 151 151 151
004 147 147 147
005 143 143 143
006 139 139 139
007 135 135 135
008 131 131 131
009 127 127 127
010 123 123 123
011 119 119 119
012 115 115 115
013 111 111 111
014 107 107 107
015 103 103 103
016 099 099 099
017 095 095 095
018 091 091 091
019 087 087 087
020 083 083 083
021 079 079 079
022 075 075 075
023 071 071 071
024 067 067 067
025 063 063 063
026 059 059 059
027 055 055 055
028 051 051 051
029 047 047 047
030 043 043 043
031 039 039 039
032 035 035 035
033 031 031 031
034 027 027 027
035 023 023 023
036 019 019 019
037 015 015 015
038 011 011 011
039 000 000 007

040 215 187 147
041 199 175 139
042 183 163 131
043 171 151 123
044 155 139 115
045 143 127 107
046 131 115 099
047 123 107 095
048 115 103 091
049 111 099 087
050 107 095 079
051 103 091 075
052 099 087 071
053 095 079 067
054 091 075 059
055 087 071 055
056 083 067 051
057 079 063 047
058 071 059 043
059 067 055 039
060 063 051 035
061 059 047 035
062 055 039 031
063 051 035 027
064 047 035 023
065 043 031 019
066 039 027 019
067 035 023 015
068 031 019 011
069 027 015 011
070 023 011 007
071 019 011 007


072 247 255 203
073 243 255 163
074 243 255 127
075 247 255 091
076 243 227 075
077 231 195 059
078 219 159 047
079 207 123 031
080 199 091 023
081 195 075 019
082 191 063 015
083 187 051 007
084 183 035 007
085 179 023 000
086 179 011 000
087 159 007 000
088 143 007 000
089 127 007 000
090 107 000 000
091 091 000 000
092 075 000 000
093 055 000 000
094 039 000 000
095 023 000 000
096 135 103 103
097 123 083 083
098 111 067 067
099 099 055 055
100 091 043 043
101 083 035 035
102 079 027 027
103 071 023 023
104 063 019 019
105 059 015 015
106 051 011 011
107 043 007 007
108 035 079 171
109 027 063 143
110 019 051 119
111 015 039 095
112 231 167 047
113 203 147 043
114 179 131 039
115 167 123 035
116 159 115 035
117 151 107 031
118 139 099 027
119 131 091 023
120 123 087 023
121 115 079 019
122 107 071 015
123 099 067 015
124 091 059 011
125 083 055 011
126 075 047 007
127 067 043 015
128 171 099 055
129 155 087 043
130 139 079 035
131 123 071 027
132 107 059 019
133 091 051 015
134 075 043 011
135 063 035 007
136 131 219 063
137 115 195 055
138 103 171 047
139 091 151 043
140 083 143 035
141 079 135 031
142 075 131 027
143 071 123 023
144 067 115 019
145 063 111 015
146 059 103 011
147 055 095 007
148 051 091 007
149 043 083 000
150 043 075 000
151 039 071 000
152 039 071 007
153 035 067 007
154 035 059 000
155 031 055 000
156 027 051 000
157 023 043 000
158 019 039 000
159 019 035 000
160 131 151 103
161 115 135 091
162 103 119 079
163 091 103 071
164 087 099 067
165 083 095 063
166 075 087 055
167 071 083 051
168 071 079 051
169 067 075 047
170 063 071 043
171 055 067 039
172 055 063 035
173 051 059 031
174 047 055 027
175 043 051 027
176 039 047 023
177 035 043 019
178 031 039 019
179 027 035 015
180 023 031 011
181 019 027 011
182 015 023 007
183 015 019 007
184 255 000 115
185 255 000 115
186 255 000 115
187 255 235 255
188 219 203 219
189 187 171 187
190 151 139 151
191 119 111 119
192 099 091 099
193 087 079 087
194 075 067 075
195 067 059 067
196 063 055 063
197 055 047 055
198 051 043 051
199 047 039 047
200 043 035 043
201 039 031 039
202 035 027 035
203 031 023 031
204 027 019 027
205 023 015 023
206 019 011 019
207 015 011 015
208 215 215 231
209 203 203 223
210 195 195 219
211 183 187 215
212 175 179 211
213 163 171 207
214 155 163 199
215 147 155 195
216 139 147 191
217 131 143 187
218 123 131 171
219 111 119 155
220 095 107 139
221 083 095 123
222 071 083 107
223 055 075 095
224 047 067 083
225 043 059 079
226 039 055 071
227 035 051 067
228 031 047 063
229 031 043 059
230 027 035 055
231 023 031 051
232 023 027 047
233 019 023 043
234 015 019 039
235 015 019 035
236 011 015 031
237 011 011 027
238 007 007 023
239 255 000 115
240 255 000 115
241 255 000 115
242 255 000 115
243 255 000 115
244 255 000 115
245 255 000 115
246 255 000 115
247 255 000 115
248 255 000 115
249 255 000 115
250 255 000 115
251 255 000 115
252 255 000 115
253 255 000 115
254 255 000 115
255 087 087 087
